$ANSIBLE_VAULT;1.1;AES256
64303462303861356132386564663764646535396130653437313933366332366336353562346636
3962663766363561373839363036656265333536626362340a636534326563343964343637383262
65626634353934613035313031323238656335626536323163316465396538336163346163633131
6665383137383362630a326263303531366661313237333030363731306132353961336665613537
32623931323539303032353033313263376637383634633035383431643832656231623732313137
34363262353337363766643162666130636162633437396434666537336136346234373662643637
39303830366262376137366533326639346632626361653132343033376235343731663336653337
32616264633231643966343766633536653666613531366236646439393730633938316265666436
64616662623266383533303233396163646437653633636161393236343862653938633038376566
32393761303264626338353338326166316466656532623064656433623164636666313730343632
31373462326165313030373235326335386530313735626430623235666463363262343063393939
66383538323538313434666334623964376662386236336430343832336662663766323861303738
63366265323338613164393038333464613032363863326238616431656530336135616561323364
62636537616638306465653136613664363339376165373762316334323434653430636565626533
39326364643261623930356538313632643761643135653939353835623461356663643430653761
61663661633766313938303838626563323639623264623637366532343363396339613164643564
34656339363436653432313561343261653866613864323732633432336638393838383031626233
39396137666532356664313833363466376365653434643764623762343266333037373230636634
38343537313664363230316234363035393436303231326236623331396664643831386138633236
37326661653330663130636334326135636563323364306266633165386363396233643663613465
62356232393164393866356631326231633234383939616334313038616232323031653934343965
33613764393831633734373434653662373838303139353566663936303133373034323032623639
63353135306136393136346537626139633663323365386638303731366139303130313733333334
34306165343065633135396433343839333638346537316130366433323865613736623636343039
30633963346536343461393932626535383939623861643731613633326466343734633437333239
38643466366131346239323531653335356234393964313131353937613130663965316535323662
39663835376332323231636437393162386137353130643433616636396361306533343730336632
32356238323032666233613664373931356634343237643230653264383461393233343334333835
34333631393365613464626535643134613438633231336262343937643338623162373834366238
62323131663530353738616437386139376137353039613238353334376366373837663763666235
61336262626637386661373066316432306464633963623335326535326538613961636162366163
38313135333061626438363235636466323132633462643232326237303462333637386530653132
63373937323735663739653938373231383933653437316664643163323638303030656338323730
38316332373035366232306363643566623366333434636665653932326438653130656439656131
35303961646562343966363362326237623562623833326536666665616132613161623732333530
33383265353636646563313639396530363264396462373137373063376234343636646264326633
36653635336335353338353335373834616636366362383766323734323132383034326466643261
30353139366266616563363930613238333066336131613463313839306263633836343134633265
66653864653235643338383037306261393963653536306239613933393836613633656635376531
61633633356139323133353763313364623834653065353332663663633436323864623036326166
34363330313962613938653733643136633539353031306330356462343961373064633332363937
62336131313735316433376538306135613233396136313832363138656532393630633530343961
37323837363530363964373764303138383764666563393562663334626331393137366264613461
32363035353934366364303764353661333835373163343835343262643733353966303434636432
65363836353638353362623739353438366630613039353663396635646636353762643635623632
61366232653535346536323633303539646631346661643730646634386138373639393737383763
38376365333230333538336665343337646437353765613463306161366538303638663965366634
30326435653630313439356232633964323934376231663435376236663639666231306432663233
61633034383230643165656565663333386262646562633138666261626435313131366135373335
38623461636430663436306538363437636136393164333833393036643263353538336361323335
63656165373661653933663337373832633064633865366363386565623461643561636237323231
39383933646330313164613135343534373461653130396535336639323161653364616535633232
35323937323562353835663638646666653064306330666563313063303537316632333766303364
33646338626538363032656566343130343531353332326261303235353433376632613866653161
32643635363032323635646335336533646164653338383133623038646538346533653332663366
39666264633464633364336635316636616530346634356334366265613931336632323461323734
39633766383538323932633930326339346161623732636362313932376537626434623435643539
66356438386533393962313661656565666433323331653066616230393037663933663236656165
61383461653565383463316338336462303530303562396531323430323234623339633632613861
35646435353161343464623937616662663564613231333833393930366466346265646266636637
34363232323837333537636561333939623632653566323534306365323863363265353865656530
37303563303461633936333239336333393062373565383836626433313031643036393638626339
62653131363432353739303236366532643065633534326336356166316363633036316264306665
34363833333539616632376433373532623133623634663364666361623133663862633732366263
30613965393431323439343936373037383064613832343433313434333931653632633762313536
66346366306637616631363639333636333135316138316463373632653932326139363738353266
30363961353739616462393561363334333131363332663536353432323034353165393264633530
39653065353562353363616262303464386431303830353364386432303137306166303937376238
36643036396334623031656538333234393430323636616338656566313237643463373639343437
65336661363831333739656430613230333964326638613533306235336230333162316463666134
30666163646265623438653861366561353366313632633964313264386366343537393066356564
39323261346132303839663565396265333037666665653066396566313433613937643831343134
36313933636232326636323332336366623465303439303033313563376161343438353733633065
61353439393661643065616464653437656161333938663464343366313235303861653265336136
66356430613833323266396262626662383164326661393362646431346533383265313932306232
38353636356538386334343438313134356364643866373666626333393832303439643535366433
34383636363561663765663162363635666361353034383838383539396532653039646166353538
65633866346566653364353437306562366261393437623561303433653766643266363532643539
61333037343535646139666262646365653666313239626363383466643166613331393863663337
65363330373634376664303235366361363238643063653738613565626237666630363561303762
64613133346137343436316336666335363536343734366661386365363235663338383030306362
38393932366463326363643430646564346565636661646565613637646438333438633362613266
31383162386562323038333537383133613234363237616264666233366561396431656663363839
37383135396230643563373638643162656533343932363530663734313165383631356334366136
35383733333631646339383038643030663566303761326365636265656566393436323362373462
35373766313934396434636364326563653832653764613033643535343966366531316365623038
66663865616566633133316461393766336130666361323264623164303231306461666434666530
36336638356663633836363132346636323930633066653837373131376265666263353965663862
31343936376663616363633964326565323130353964376334313331343662333764326138366332
35656532346334333732383937353339363433323761336364626539306364353534383333353530
66393534333130343566343562356366393064333664326139383038323961373665363266626530
63393062386464303861626431386538666630666666373136376133343764393533363735376361
35643331376237323834353933663664656635356466333633613838383535363134653662393931
34373564306534313562356462633037313963656630616136633061653134626662616561653066
37336632636366646166613938343965623965616536626136306634356435636239376633643739
36383037316639636430386466376433383565613236623535383339373930376431663032633832
31633439353430353239383963636465313066383237656437303436363035343362623766393131
38343531323539663166623161383330383732343935386130623664636235636632333438653433
33346633346463303231343330613862376333396630373430373730373031383535363935333362
32376231393437623464666638363761336436366162376439326365663938663564643132666136
33613139393364643366633963326535646361643163373530386238633461306234346634613932
36373561633562343032653065303036393531313438623961343736663333613566653033613632
30316434373231356166313161303832633338383366623530626466663262643963383335366635
65643230393061653831343032383937323538383264356261323830616338366462656236356230
63616263356333643435323365633930616239633934353762613339383437633235643966316433
37633637323032303734616133633239663136343261393164343635656364616535323934646163
37346638643162636238663561353635643238333935343561306561313632363862616635393666
35633135633739356165373462316239323734613663633662333733383736393264623338616166
34636238373533316430383266613634393531633938386365396134613561343436363366653536
37373736316465613464626263616332623064336464303164663839623839633931613136623564
38626139346564616663616137343238636663613132666238623033303963636337613466663961
32306137626431393265333337323834623665653161393461393661386238633033356663376566
38393066383837643238663633353065383464363336353765613832613737393330653938613134
30386137313130313837383936323132316333396530323963326561643036343532376664613935
39343363626331313161303962343238663637616163636433613562333234616230366530663038
61373037333463333661396537326432643232306630363533303032613332663165363537353632
34636533616131633838393730636161333239623061333330323561306230633137326439653761
63643231626538333063343264336634376130333362383162616663306464303036633131366232
36626361393638663966633234613631623330366230396563353062326630613931616462333033
30326466323233623532323264346337613036313934373230313532353463326230666334633931
62393831643761656536313966366139353533386630623436346436653033366230336635646262
35386236303233636466623537636362636332313531353235353231643663643030623462623464
33303766613132653466353438666631303832373730343039643763346530653239653633616433
35373766663363626466303939613339316435663039633931643564396664363737373134613665
63306361623466653837356231336461633337333336633663623266643366396638326364376431
36353232313863366334396230303434333061616664383433663564663235366465623430663963
35393035373465363666633633323134616237636465663438633037336335653265616339373461
62306138316337663831356135613139643730306635306564653334636332386564333264383064
37333963653065356461633263323232316134343534613638623534343931343865626432636336
33626139663637643531623237366230616433336630643835333564383763633537653134666530
65613531323938306661353165333738383266623436393430643265343663396136313336326334
33336331383062306435313337333131646130626639393232623861306138616631353134613835
31326431363835353839343730376535626662376361623031373238386535626534386362393739
6262623763663666353666623931353339623733653033336135
